Polygon 40.39 42.69 40.53 34.76 41.71 34.76 41.66 43.03 40.39 42.49 pedBlock2_loc source
Polygon 0.22 16.85 7.58 16.85 9.90 0.32 0.61 0.44 t2_Location target
Polygon 23.13 40.36 25.28 40.67 25.34 40.21 23.13 39.85 23.13 40.33 o1 obstacle 1.0
Polygon 18.96 42.27 t2 tree 1.0
Polygon 33.82 41.00 t3 tree 1.0
Polygon 12.24 25.65 12.72 25.42 13.13 26.43 12.65 26.65 12.22 25.69 o4 obstacle 1.0
Polygon 0.0 0.0 10.0 0.0 10.0 10.0 0.0 10.0 h1 obstacle 7.3
Polygon 11.45 21.85 11.58 22.17 13.23 21.81 13.25 21.92 13.73 21.83 13.65 21.29 13.10 21.35 13.10 21.52 11.49 21.77 o5 obstacle 1.0
Polygon 14.85 20.92 14.80 21.08 14.97 21.18 15.12 21.12 15.12 20.94 15.06 20.84 14.84 20.90 o6 obstacle 1.0
Polygon 6.91 30.21 6.83 30.27 6.73 30.41 6.87 30.53 7.06 30.48 7.08 30.32 6.95 30.17 o7 obstacle 1.0
Polygon 8.66 32.53 o8 tree 1.0
Polygon 35.69 33.83 34.86 34.10 34.30 34.25 33.74 34.10 33.23 33.91 32.87 33.56 32.59 33.25 32.36 32.75 32.20 32.14 wall7 wall 1.5
Polygon 31.68 32.02 31.03 32.55 30.82 33.01 30.80 33.50 31.08 33.48 31.15 33.65 31.05 33.87 30.79 33.90 30.75 33.55 30.80 33.44 wall8 wall 1.5
Polygon 41.76 34.80 37.48 34.84 36.94 34.46 36.36 34.06 36.06 33.68 35.85 33.95 35.65 33.85 wall1 wall 1.5
Polygon 30.77 33.89 30.19 34.12 29.38 34.53 29.55 35.11 29.07 35.35 28.90 34.87 25.54 34.97 25.37 35.55 24.32 35.14 24.32 34.74 20.90 32.97 18.47 31.95 16.99 30.96 15.94 29.88 15.11 29.01 14.35 28.04 13.65 27.16 wall2 wall 1.5
Polygon 13.89 27.48 13.60 27.13 13.38 26.83 12.76 25.44 11.82 23.33 wall3 wall 1.5
Polygon 11.83 23.29 15.23 22.60 15.26 22.42 15.45 22.42 15.49 22.61 15.49 22.76 15.37 22.79 15.65 24.13 15.82 24.10 15.88 24.26 18.22 23.88 18.26 23.67 18.49 23.64 18.57 23.88 18.47 24.09 18.55 24.82 18.64 25.00 18.77 25.01 18.88 25.11 19.53 25.07 19.07 22.32 17.09 22.66 wall4 wall 1.5
Polygon 17.08 22.69 15.93 15.47 18.13 15.06 wall5 wall 1.5
Polygon 41.71 43.10 34.60 41.59 26.29 42.38 26.26 42.23 25.93 42.25 25.87 42.43 21.73 41.89 21.65 41.63 21.47 41.63 21.39 41.84 17.50 42.72 18.01 49.88 wall9 wall 1.5
Polygon 18.00 49.90 18.19 53.05 wall10 wall 1.5
Polygon 11.60 51.48 10.14 41.91 10.50 40.97 11.45 39.98 11.43 38.69 11.54 38.42 11.47 38.18 11.07 36.77 10.85 36.64 10.71 36.52 10.76 36.34 10.87 35.96 10.91 35.70 10.65 34.58 10.00 33.53 8.30 33.48 8.10 33.10 7.16 32.70 6.89 33.03 6.89 33.66 8.32 37.60 5.21 38.33 4.50 35.14 4.99 22.39 0.06 22.26 wall11 wall 1.5
Polygon 18.16 15.04 19.94 24.98 26.87 23.42 24.92 12.26 14.18 14.30 14.13 14.49 13.90 14.52 14.86 19.78 15.03 19.92 15.00 20.17 14.78 20.26 14.69 20.14 11.22 20.79 9.63 15.82 10.09 12.37 10.02 5.95 wall6 wall 1.5
Polygon 10.04 5.94 9.94 0.00 wall12 wall 1.5